#|YYYYMMDD| |hh:mm:ss| |ActiveRegion#| |Flux| |Longitude| |Latitude|
2003 10 01	00:03:03	10P	56.0	303.26	-25.44
2003 10 01	00:03:03	10N	-79988.43	301.58	-24.55
2003 10 01	00:03:03	10P	5573.0	325.73	-22.23
2003 10 01	00:03:03	10N	-50703.76	327.03	-23.16
2003 10 01	00:03:03	10P	808886.0	315.49	-22.93
2003 10 01	00:03:03	10N	-4.15	315.96	-23.48
2003 10 01	00:03:03	10P	435954.53	293.6	-20.58
2003 10 01	00:03:03	10N	-11.61	292.41	-20.26
2003 10 01	00:03:03	10P	56.0	303.26	-25.44
2003 10 01	00:03:03	10N	-79988.43	301.58	-24.55
2003 10 01	00:03:03	10P	5573.0	325.73	-22.23
2003 10 01	00:03:03	10N	-50703.76	327.03	-23.16
2003 10 01	00:03:03	10P	808886.0	315.49	-22.93
2003 10 01	00:03:03	10N	-4.15	315.96	-23.48
2003 10 01	00:03:03	10P	435954.53	293.6	-20.58
2003 10 01	00:03:03	10N	-11.61	292.41	-20.26
2003 10 01	00:03:03	10P	56.0	303.26	-25.44
2003 10 01	00:03:03	10N	-79988.43	301.58	-24.55
2003 10 01	00:03:03	10P	5573.0	325.73	-22.23
2003 10 01	00:03:03	10N	-50703.76	327.03	-23.16
2003 10 01	00:03:03	10P	808886.0	315.49	-22.93
2003 10 01	00:03:03	10N	-4.15	315.96	-23.48
2003 10 01	00:03:03	10P	435954.53	293.6	-20.58
2003 10 01	00:03:03	10N	-11.61	292.41	-20.26
